6906
28 300 104
27 286 113
29 290 94
26 303 101
27 305 98
27 305 85
25 295 97
28 300 104
27 286 113
29 290 94
26 303 101
27 305 98
27 305 85
25 295 97
27 301 122
29 302 129
26 287 88
28 297 115
27 294 94
24 274 80
25 297 75
24 291 107
27 297 106
27 295 104
27 304 79
25 306 88
27 279 150
26 290 100
27 294 87
30 289 131
27 275 110
28 278 97
28 263 124
26 256 84
26 281 106
27 279 81
29 284 112
25 300 90
27 292 121
26 290 112
29 282 110
27 289 120
26 298 105
27 292 100
26 280 83
29 295 105
27 288 119
26 309 78
30 292 80
26 270 83
29 343 169
27 297 78
26 301 81
29 306 122
29 288 114
26 293 110
27 299 118
27 279 78
28 304 104
27 292 124
27 302 116
25 294 89
23 293 81
25 323 73
26 300 68
28 310 94
27 299 93
26 302 88
24 283 89
25 292 74
24 283 75
24 297 73
25 307 81
26 313 110
26 305 59
27 310 69
26 302 71
25 295 68
25 292 103
27 295 95
26 288 82
23 273 79
25 306 94
24 303 92
26 312 84
27 303 89
26 298 66
26 344 63
27 312 124
27 332 114
26 296 80
27 308 92
26 285 80
25 301 84
27 306 75
26 285 138
27 294 110
27 312 77
25 303 89
23 287 56
28 305 106
27 295 76
25 307 83
26 299 90
25 298 95
27 316 79
27 319 84
26 296 68
24 289 115
27 321 81
26 296 111
25 277 80
27 286 94
25 281 82
26 294 127
26 295 112
25 274 78
27 302 101
25 311 79
25 308 81
24 289 74
26 291 81
28 297 120
28 318 88
25 300 79
26 310 102
26 295 77
27 302 92
26 307 74
26 288 104
23 287 70
26 302 74
28 294 104
27 301 89
24 298 112
25 277 105
24 287 101
24 298 67
26 295 79
27 309 105
25 306 94
26 291 89
28 304 96
27 300 91
25 281 146
28 290 115
27 309 135
28 287 98
24 294 110
27 311 116
25 297 88
23 297 87
25 291 97
26 300 109
26 310 81
28 311 93
25 294 69
25 324 112
28 296 127
27 307 110
27 309 105
24 297 77
25 300 87
27 307 106
26 294 66
27 305 110
27 291 66
23 266 61
28 318 54
24 295 94
28 297 114
26 299 81
25 315 95
26 313 100
27 318 104
25 296 119
27 290 96
25 285 113
24 300 74
24 306 103
23 295 110
26 289 105
26 292 109
25 307 74
28 283 103
27 284 84
27 278 119
25 302 71
29 296 86
25 287 87
25 271 55
24 276 94
26 276 85
27 290 120
23 282 87
24 306 72
27 271 130
26 224 331
25 254 106
27 297 72
30 238 207
26 263 118
26 281 97
26 267 100
25 289 90
27 289 85
26 304 90
26 301 105
28 293 97
25 288 57
25 283 82
27 296 123
27 292 113
28 295 104
26 295 99
27 298 105
27 304 78
25 292 64
27 291 96
24 283 97
25 301 82
26 274 84
25 301 86
27 286 109
25 305 97
26 288 100
24 288 86
24 294 90
25 296 102
26 289 110
24 293 104
26 295 103
28 306 84
27 285 106
26 302 85
28 293 107
27 295 89
25 285 105
26 287 110
25 296 97
27 316 121
26 336 114
24 286 75
26 296 76
25 307 88
27 292 88
26 303 94
25 290 97
24 283 85
29 311 126
25 302 73
27 309 77
27 310 117
27 310 87
25 302 107
26 301 95
28 281 104
25 288 72
27 280 107
25 297 100
27 307 118
25 310 86
26 293 85
27 307 98
27 302 90
28 287 103
26 283 114
26 302 99
24 293 87
26 301 87
30 319 87
28 295 90
28 293 102
27 293 79
25 297 77
27 288 61
28 311 93
28 290 83
27 312 124
26 334 90
27 303 96
24 295 101
24 294 85
25 288 79
23 294 88
25 282 92
24 278 80
25 293 111
26 283 111
30 313 94
26 289 83
24 285 72
24 292 100
25 291 93
25 297 82
26 287 105
27 292 87
26 298 90
27 291 102
26 292 77
26 338 99
25 313 87
27 273 77
26 270 103
25 302 61
26 288 102
27 306 87
26 282 75
25 312 80
27 301 84
27 298 104
26 282 85
26 297 105
26 295 106
25 291 81
27 301 85
25 293 87
27 291 111
24 300 83
26 282 109
27 263 116
26 290 100
26 294 76
26 299 89
27 299 84
27 302 75
24 289 107
26 305 115
29 310 101
29 314 105
26 315 94
28 308 95
28 298 100
25 300 98
24 297 70
25 289 77
25 297 108
26 299 96
28 304 102
27 327 122
26 303 118
25 265 91
26 286 88
25 292 95
25 298 86
25 299 65
27 316 104
28 303 70
26 307 87
28 292 100
26 301 93
29 309 99
27 292 109
26 282 86
25 275 104
26 305 114
25 296 76
27 295 110
26 298 63
25 288 56
28 280 102
26 301 64
26 302 78
26 292 62
27 304 57
25 304 117
28 383 110
25 306 69
26 294 66
25 286 76
25 309 77
26 303 79
25 302 81
26 297 80
24 301 61
26 293 60
25 300 91
27 307 67
25 294 96
24 299 73
27 306 91
27 369 66
26 247 145
25 313 95
23 295 67
28 310 108
28 291 86
25 304 94
28 308 83
26 309 108
27 320 77
25 304 109
24 300 95
26 324 98
26 306 67
25 303 74
28 300 87
26 316 109
26 331 94
27 278 106
24 304 99
28 308 112
24 314 91
25 291 111
24 290 74
24 304 92
26 307 62
24 296 96
26 265 88
28 277 70
25 319 105
25 271 109
28 292 80
24 323 94
25 276 105
27 289 109
24 294 117
25 289 64
28 308 107
25 284 64
27 295 94
26 295 105
24 299 103
26 290 104
25 289 96
24 296 80
23 313 56
28 298 105
25 290 112
27 311 106
27 290 83
24 301 91
26 282 112
25 316 86
26 304 104
24 296 95
27 299 92
27 315 81
28 287 83
26 291 89
25 295 83
26 291 105
26 302 95
25 299 94
26 291 108
26 304 112
26 289 89
23 300 63
25 297 81
24 299 87
25 311 89
24 303 79
25 295 90
25 295 85
25 288 102
27 291 93
25 298 97
25 302 106
25 305 86
24 308 89
26 316 98
27 284 95
27 303 100
25 298 104
27 301 100
27 294 89
26 287 97
25 286 80
26 292 109
25 302 93
27 298 98
28 290 93
27 291 98
25 279 119
26 311 106
25 303 76
23 292 88
25 299 82
26 313 86
26 307 84
26 306 95
26 305 73
29 339 91
25 280 84
24 307 74
25 309 76
26 294 158
25 268 100
29 326 112
28 312 106
26 308 97
27 264 86
28 304 95
26 311 112
25 307 94
26 301 124
25 293 82
28 287 130
26 305 74
27 296 79
27 293 84
26 292 129
27 289 144
26 292 136
27 291 80
24 293 85
24 294 86
26 293 99
26 295 84
27 302 80
26 299 93
27 299 120
26 307 56
26 303 84
24 288 69
24 296 81
25 298 89
24 293 71
26 296 96
26 298 99
24 293 81
26 293 89
26 291 99
27 301 91
26 294 83
25 294 94
27 296 96
27 291 87
26 295 104
26 290 77
26 292 99
26 292 81
27 287 68
26 287 85
25 297 84
24 293 95
25 307 78
26 295 82
26 296 81
26 291 70
24 292 84
25 297 73
26 295 80
25 291 89
26 331 80
25 291 71
25 300 94
24 289 70
26 300 96
27 309 87
30 282 92
27 268 71
26 274 73
26 297 88
24 265 85
23 287 64
24 270 72
27 293 102
26 310 75
28 279 64
26 268 89
25 281 86
26 289 84
27 294 99
27 293 80
25 284 60
25 292 103
26 282 89
26 295 81
24 282 69
25 295 92
25 292 111
25 287 105
26 295 103
25 297 108
25 297 93
28 282 78
24 297 110
23 293 73
26 297 121
26 300 119
26 297 98
27 314 76
27 293 108
29 293 82
24 294 103
25 279 84
26 266 73
28 296 111
27 299 142
28 320 124
26 336 88
26 304 95
26 283 84
27 299 84
27 291 86
27 292 103
26 284 101
24 299 96
25 300 106
25 297 102
26 293 95
26 291 89
25 301 100
26 284 85
26 294 89
26 295 101
24 276 85
25 284 84
24 289 82
28 289 106
28 299 103
26 294 88
26 305 83
27 300 83
26 301 108
28 299 82
26 301 95
27 292 93
24 297 104
25 300 99
25 296 83
27 296 92
28 300 118
28 309 92
26 294 81
26 293 75
27 299 95
25 296 89
26 295 92
27 301 86
27 301 96
26 297 87
26 299 96
26 300 94
27 299 90
27 295 97
27 293 107
26 291 82
26 289 99
27 300 99
24 302 94
25 286 81
26 293 106
26 297 79
26 293 86
26 299 120
26 302 90
28 313 124
24 306 65
25 310 96
23 290 78
26 295 98
24 304 70
27 306 88
27 299 109
27 300 116
27 305 96
27 302 99
23 298 82
24 299 73
28 296 103
27 315 107
27 300 94
27 299 76
26 303 78
27 306 117
24 311 61
25 299 80
27 310 83
24 307 54
27 307 93
27 304 114
26 318 82
25 323 69
25 279 56
27 311 95
29 310 91
27 304 84
24 309 80
27 300 99
26 293 127
26 294 118
25 297 98
25 297 106
26 286 62
26 312 83
27 277 96
28 273 106
25 303 93
28 296 106
26 299 96
27 301 108
27 310 122
28 321 84
25 302 80
27 280 93
27 296 82
28 307 84
26 279 88
29 303 93
26 284 97
28 314 116
27 309 111
28 298 111
26 301 92
24 287 74
25 304 59
27 332 90
25 279 97
28 300 110
24 302 88
27 291 82
27 270 90
27 308 117
26 313 101
25 294 89
27 299 91
26 303 117
29 290 82
26 283 63
27 296 91
25 294 89
25 290 73
26 300 120
27 295 85
27 291 87
25 295 67
27 297 110
26 304 94
25 294 87
26 293 85
25 296 76
25 295 78
25 100 100
22 100 100
24 100 100
23 100 100
24 100 100
23 100 100
28 100 100
25 100 100
24 100 100
23 100 100
24 100 100
22 100 100
24 100 100
27 100 100
24 100 100
25 100 100
24 100 100
23 100 100
24 100 100
24 100 100
25 100 100
25 100 100
26 100 100
26 100 100
24 100 100
25 100 100
22 100 100
23 100 100
25 100 100
25 100 100
25 100 100
26 100 100
23 100 100
25 100 100
26 100 100
24 100 100
22 100 100
23 100 100
25 100 100
25 100 100
27 100 100
22 100 100
24 100 100
24 100 100
25 100 100
25 100 100
24 100 100
24 100 100
23 100 100
25 100 100
24 100 100
24 100 100
23 100 100
25 100 100
26 100 100
25 100 100
25 100 100
23 100 100
24 100 100
25 100 100
23 100 100
24 100 100
26 100 100
23 100 100
26 100 100
22 100 100
23 100 100
22 100 100
24 100 100
23 100 100
23 100 100
22 100 100
26 100 100
24 100 100
26 100 100
26 100 100
24 100 100
25 100 100
25 100 100
24 100 100
22 100 100
25 100 100
25 100 100
23 100 100
26 100 100
24 100 100
26 100 100
27 100 100
24 100 100
24 100 100
24 100 100
25 100 100
24 100 100
24 100 100
24 100 100
23 100 100
24 100 100
24 100 100
23 100 100
25 100 100
24 100 100
25 100 100
25 100 100
26 100 100
26 100 100
23 100 100
23 100 100
24 100 100
23 100 100
26 100 100
24 100 100
24 100 100
25 100 100
22 100 100
24 100 100
23 100 100
23 100 100
24 100 100
26 100 100
25 100 100
24 100 100
24 100 100
26 100 100
22 100 100
23 100 100
22 100 100
26 100 100
23 100 100
25 100 100
24 100 100
25 100 100
24 100 100
24 100 100
24 100 100
26 100 100
25 100 100
25 100 100
25 100 100
24 100 100
24 100 100
22 100 100
24 100 100
25 100 100
25 100 100
23 100 100
24 100 100
24 100 100
26 100 100
26 100 100
24 100 100
25 100 100
23 100 100
25 100 100
25 100 100
26 100 100
26 100 100
24 100 100
24 100 100
25 100 100
24 100 100
23 100 100
24 100 100
24 100 100
24 100 100
24 100 100
24 100 100
24 100 100
23 100 100
22 100 100
25 100 100
22 100 100
24 100 100
24 100 100
25 100 100
23 100 100
25 100 100
23 100 100
25 100 100
25 100 100
23 100 100
24 100 100
25 100 100
24 100 100
24 100 100
23 100 100
25 100 100
23 100 100
24 100 100
22 100 100
24 100 100
25 100 100
25 100 100
24 100 100
25 100 100
24 100 100
25 100 100
25 100 100
23 100 100
27 100 100
25 100 100
25 100 100
26 100 100
26 100 100
25 100 100
23 100 100
24 100 100
26 100 100
25 100 100
24 100 100
24 100 100
24 100 100
25 100 100
25 100 100
26 100 100
25 100 100
24 100 100
24 100 100
25 100 100
24 100 100
23 100 100
27 100 100
24 100 100
24 100 100
25 100 100
23 100 100
26 100 100
26 100 100
23 100 100
25 100 100
24 100 100
24 100 100
22 100 100
26 100 100
22 100 100
25 100 100
24 100 100
22 100 100
25 100 100
28 100 100
25 100 100
25 100 100
23 100 100
25 100 100
26 100 100
24 100 100
24 100 100
24 100 100
25 100 100
24 100 100
25 100 100
26 100 100
25 100 100
25 100 100
23 100 100
24 100 100
27 100 100
26 100 100
24 100 100
24 100 100
25 100 100
28 100 100
27 100 100
24 100 100
25 100 100
25 100 100
23 100 100
28 100 100
25 100 100
23 100 100
24 100 100
25 100 100
25 100 100
25 100 100
26 100 100
24 100 100
24 100 100
24 100 100
25 100 100
24 100 100
24 100 100
23 100 100
25 100 100
25 100 100
25 100 100
25 100 100
24 100 100
23 100 100
24 100 100
25 100 100
25 100 100
24 100 100
24 100 100
24 100 100
24 100 100
23 100 100
25 100 100
25 100 100
25 100 100
27 100 100
25 100 100
25 100 100
22 100 100
26 100 100
24 100 100
24 100 100
26 100 100
24 100 100
26 100 100
24 100 100
24 100 100
25 100 100
25 100 100
28 100 100
24 100 100
26 100 100
27 100 100
25 100 100
25 100 100
25 100 100
25 100 100
24 100 100
24 100 100
23 100 100
23 100 100
24 100 100
23 100 100
24 100 100
24 100 100
25 100 100
23 100 100
24 100 100
26 100 100
24 100 100
25 100 100
23 100 100
25 100 100
25 100 100
24 100 100
24 100 100
24 100 100
24 100 100
23 100 100
25 100 100
24 100 100
24 100 100
26 100 100
25 100 100
23 100 100
26 100 100
26 100 100
25 100 100
22 100 100
27 100 100
26 100 100
24 100 100
26 100 100
23 100 100
25 100 100
26 100 100
24 100 100
24 100 100
25 100 100
24 100 100
22 100 100
24 100 100
25 100 100
23 100 100
25 100 100
23 100 100
27 100 100
22 100 100
26 100 100
27 100 100
23 100 100
23 100 100
26 100 100
24 100 100
21 100 100
24 100 100
24 100 100
26 100 100
25 100 100
22 100 100
24 100 100
23 100 100
26 100 100
23 100 100
23 100 100
25 100 100
21 100 100
25 100 100
25 100 100
25 100 100
24 100 100
24 100 100
24 100 100
24 100 100
25 100 100
24 100 100
24 100 100
24 100 100
24 100 100
24 100 100
24 100 100
24 100 100
25 100 100
23 100 100
25 100 100
24 100 100
28 100 100
24 100 100
23 100 100
26 100 100
25 100 100
23 100 100
26 100 100
25 100 100
25 100 100
25 100 100
22 100 100
25 100 100
26 100 100
23 100 100
25 100 100
24 100 100
23 100 100
25 100 100
24 100 100
24 100 100
24 100 100
23 100 100
25 100 100
23 100 100
24 100 100
25 100 100
24 100 100
24 100 100
24 100 100
24 100 100
24 100 100
22 100 100
26 100 100
23 100 100
25 100 100
23 100 100
23 100 100
24 100 100
25 100 100
22 100 100
23 100 100
25 100 100
24 100 100
24 100 100
23 100 100
24 100 100
27 100 100
23 100 100
25 100 100
22 100 100
25 100 100
26 100 100
25 100 100
23 100 100
22 100 100
25 100 100
24 100 100
26 100 100
25 100 100
23 100 100
23 100 100
23 100 100
25 100 100
25 100 100
26 100 100
23 100 100
23 100 100
24 100 100
27 100 100
24 100 100
24 100 100
24 100 100
23 100 100
24 100 100
24 100 100
26 100 100
24 100 100
24 100 100
23 100 100
23 100 100
23 100 100
28 100 100
24 100 100
24 100 100
25 100 100
25 100 100
26 100 100
25 100 100
24 100 100
25 100 100
25 100 100
22 100 100
26 100 100
23 100 100
24 100 100
25 100 100
26 100 100
25 100 100
24 100 100
26 100 100
24 100 100
26 100 100
25 100 100
22 100 100
27 100 100
25 100 100
25 100 100
22 100 100
23 100 100
25 100 100
24 100 100
26 100 100
26 100 100
24 100 100
24 100 100
23 100 100
25 100 100
23 100 100
25 100 100
25 100 100
26 100 100
24 100 100
23 100 100
24 100 100
24 100 100
24 100 100
26 100 100
26 100 100
24 100 100
22 100 100
25 100 100
24 100 100
26 100 100
24 100 100
27 100 100
24 100 100
25 100 100
25 100 100
24 100 100
27 100 100
24 100 100
25 100 100
26 100 100
26 100 100
24 100 100
23 100 100
25 100 100
24 100 100
24 100 100
25 100 100
25 100 100
24 100 100
24 100 100
23 100 100
24 100 100
25 100 100
25 100 100
24 100 100
23 100 100
25 100 100
23 100 100
25 100 100
25 100 100
23 100 100
27 100 100
25 100 100
24 100 100
23 100 100
26 100 100
24 100 100
23 100 100
27 100 100
22 100 100
23 100 100
25 100 100
23 100 100
25 100 100
24 100 100
24 100 100
26 100 100
24 100 100
24 100 100
23 100 100
24 100 100
24 100 100
25 100 100
23 100 100
27 100 100
23 100 100
25 100 100
24 100 100
23 100 100
26 100 100
24 100 100
24 100 100
25 100 100
23 100 100
25 100 100
26 100 100
24 100 100
23 100 100
25 100 100
26 100 100
27 100 100
22 100 100
22 100 100
24 100 100
24 100 100
25 100 100
26 100 100
25 100 100
25 100 100
25 100 100
23 100 100
23 100 100
26 100 100
24 100 100
25 100 100
23 100 100
25 100 100
24 100 100
24 100 100
27 100 100
25 100 100
24 100 100
25 100 100
22 100 100
25 100 100
26 100 100
26 100 100
23 100 100
24 100 100
25 100 100
28 100 100
24 100 100
25 100 100
23 100 100
28 100 100
24 100 100
24 100 100
24 100 100
24 100 100
23 100 100
26 100 100
25 100 100
24 100 100
24 100 100
23 100 100
25 100 100
25 100 100
27 100 100
25 100 100
25 100 100
25 100 100
23 100 100
26 100 100
24 100 100
24 100 100
23 100 100
24 100 100
25 100 100
25 100 100
24 100 100
25 100 100
26 100 100
26 100 100
22 100 100
24 100 100
25 100 100
24 100 100
25 100 100
27 100 100
25 100 100
26 100 100
23 100 100
23 100 100
25 100 100
25 100 100
24 100 100
24 100 100
24 100 100
25 100 100
25 100 100
23 100 100
26 100 100
28 100 100
26 100 100
24 100 100
27 100 100
23 100 100
24 100 100
26 100 100
26 100 100
26 100 100
25 100 100
24 100 100
24 100 100
26 100 100
22 100 100
26 100 100
26 100 100
26 100 100
25 100 100
23 100 100
27 100 100
24 100 100
24 100 100
23 100 100
27 100 100
25 100 100
25 100 100
25 100 100
26 100 100
27 100 100
28 100 100
26 100 100
23 100 100
27 100 100
25 100 100
26 100 100
24 100 100
25 100 100
27 100 100
26 100 100
25 100 100
23 100 100
23 100 100
25 100 100
25 100 100
28 100 100
25 100 100
27 100 100
24 100 100
27 100 100
26 100 100
26 100 100
24 100 100
26 100 100
25 100 100
23 100 100
25 100 100
28 100 100
24 100 100
27 100 100
27 100 100
27 100 100
23 100 100
23 100 100
27 100 100
25 100 100
23 100 100
26 100 100
28 100 100
24 100 100
23 100 100
23 100 100
26 100 100
26 100 100
25 100 100
25 100 100
27 100 100
23 100 100
26 100 100
24 100 100
28 100 100
25 100 100
23 100 100
25 100 100
25 100 100
23 100 100
25 100 100
25 100 100
24 100 100
27 100 100
25 100 100
24 100 100
27 100 100
25 100 100
24 100 100
23 100 100
27 100 100
25 100 100
25 100 100
26 100 100
23 100 100
26 100 100
22 100 100
26 100 100
27 100 100
25 100 100
26 100 100
25 100 100
24 100 100
27 100 100
23 100 100
25 100 100
26 100 100
26 100 100
24 100 100
26 100 100
26 100 100
24 100 100
25 100 100
27 100 100
27 100 100
24 100 100
26 100 100
24 100 100
25 100 100
25 100 100
27 100 100
24 100 100
25 100 100
24 100 100
22 100 100
23 100 100
24 100 100
24 100 100
25 100 100
26 100 100
25 100 100
25 100 100
24 100 100
26 100 100
25 100 100
25 100 100
23 100 100
24 100 100
24 100 100
23 100 100
23 100 100
25 100 100
28 100 100
27 100 100
26 100 100
24 100 100
23 100 100
27 100 100
26 100 100
24 100 100
25 100 100
26 100 100
23 100 100
26 100 100
26 100 100
24 100 100
25 100 100
24 100 100
24 100 100
26 100 100
22 100 100
25 100 100
27 100 100
25 100 100
24 100 100
23 100 100
23 100 100
26 100 100
24 100 100
23 100 100
26 100 100
22 100 100
24 100 100
25 100 100
26 100 100
22 100 100
27 100 100
24 100 100
25 100 100
22 100 100
25 100 100
24 100 100
24 100 100
23 100 100
27 100 100
22 100 100
25 100 100
25 100 100
26 100 100
24 100 100
24 100 100
23 100 100
23 100 100
23 100 100
24 100 100
21 100 100
24 100 100
23 100 100
25 100 100
23 100 100
26 100 100
25 100 100
24 100 100
25 100 100
22 100 100
23 100 100
27 100 100
23 100 100
21 100 100
26 100 100
25 100 100
22 100 100
22 100 100
26 100 100
25 100 100
23 100 100
23 100 100
23 100 100
25 100 100
22 100 100
26 100 100
24 100 100
24 100 100
26 100 100
23 100 100
27 100 100
23 100 100
23 100 100
24 100 100
25 100 100
23 100 100
23 100 100
23 100 100
23 100 100
25 100 100
23 100 100
23 100 100
24 100 100
26 100 100
24 100 100
25 100 100
25 100 100
24 100 100
23 100 100
24 100 100
24 100 100
24 100 100
25 100 100
24 100 100
24 100 100
24 100 100
26 100 100
23 100 100
22 100 100
26 100 100
21 100 100
25 100 100
24 100 100
25 100 100
23 100 100
23 100 100
24 100 100
24 100 100
24 100 100
24 100 100
26 100 100
23 100 100
27 100 100
24 100 100
31 236 396
29 438 242
28 171 256
29 392 235
28 452 219
29 257 185
28 309 312
30 301 309
28 274 347
28 418 239
29 360 484
25 125 101
27 325 368
28 250 262
29 469 269
26 234 161
25 167 103
29 451 372
28 160 189
30 333 474
29 413 352
32 334 453
31 458 372
29 273 231
30 318 298
28 296 234
27 247 220
31 347 343
26 117 184
30 456 380
29 300 330
28 426 364
25 216 191
31 368 370
30 396 480
31 467 317
25 179 209
24 133 302
28 253 364
28 379 201
31 433 359
28 243 316
30 450 361
29 198 246
30 345 425
24 364 173
29 202 220
26 195 240
27 348 429
27 204 326
27 384 342
27 211 331
31 401 463
27 312 208
28 213 246
23 230 165
28 459 234
29 203 412
28 397 376
31 496 348
28 194 216
24 196 173
24 309 310
27 130 191
28 264 372
29 429 343
28 307 299
29 319 394
28 399 203
30 429 488
30 422 370
26 145 276
29 432 350
29 367 497
25 141 263
27 241 186
30 391 324
27 454 357
28 201 287
29 262 382
26 301 239
27 190 296
26 238 199
27 302 350
30 474 431
27 269 253
30 272 372
27 181 171
28 347 300
29 416 438
27 204 247
23 170 219
30 226 392
28 275 278
32 236 465
29 434 371
28 260 223
30 459 364
29 311 330
28 426 400
31 477 306
26 441 374
27 176 297
31 237 191
28 477 355
32 481 447
27 360 282
27 370 263
25 140 133
26 214 302
31 449 303
29 400 251
30 218 319
30 314 390
28 309 298
28 443 383
29 259 287
29 483 395
28 309 178
27 254 336
28 404 347
27 129 133
26 320 166
28 466 250
27 377 298
30 292 343
26 127 308
28 461 330
28 329 423
29 383 448
31 474 313
27 344 292
29 230 222
27 204 151
29 327 439
31 492 297
29 416 375
25 200 160
31 464 339
31 466 459
28 426 364
26 250 172
29 430 368
30 362 333
26 113 157
28 416 337
24 263 157
27 306 222
28 238 249
29 189 155
28 161 142
32 463 458
33 462 335
29 376 230
26 234 119
31 366 463
31 208 196
27 234 188
26 258 123
28 326 337
30 404 369
28 280 168
25 316 235
27 209 322
27 381 306
29 372 496
29 287 366
33 471 423
29 332 392
28 459 305
29 362 483
29 282 280
26 174 195
28 289 266
28 359 328
28 305 246
27 474 287
31 417 285
32 475 255
28 443 272
30 411 315
27 234 240
24 115 145
30 375 199
28 169 329
31 304 335
29 212 414
29 445 350
27 349 440
27 121 153
29 390 239
30 368 268
30 452 321
28 444 373
30 459 309
25 250 277
29 410 255
23 151 113
23 59 126
26 173 229
26 369 309
32 409 381
27 237 287
30 353 326
27 310 251
28 469 429
28 207 225
30 452 351
28 422 235
29 265 294
29 437 323
29 350 490
31 493 360
28 300 356
30 334 321
29 225 324
30 223 236
28 412 293
27 173 368
27 166 238
30 494 373
26 143 180
26 306 403
28 384 386
30 449 492
29 259 470
30 451 282
30 361 339
27 299 170
30 331 381
32 497 353
29 331 386
30 371 285
29 193 336
27 456 208
32 385 380
30 294 264
30 354 296
28 217 248
26 207 125
30 360 323
29 301 367
29 378 474
26 187 197
30 342 341
26 372 212
28 199 161
30 387 245
28 434 234
30 333 275
29 224 301
28 464 330
25 247 167
30 203 458
30 455 332
28 195 203
29 165 192
28 426 454
26 163 175
28 189 208
30 293 232
27 188 178
27 242 467
26 280 309
32 444 324
28 198 331
31 464 390
31 272 292
28 161 286
28 223 244
32 442 363
27 425 353
30 243 281
29 323 393
25 205 177
29 267 414
27 282 482
29 191 355
29 395 226
30 453 415
29 227 175
26 335 163
27 205 441
27 493 346
30 474 304
26 115 189
23 144 146
29 486 329
27 299 190
27 240 248
27 301 206
26 313 227
26 107 163
27 178 252
32 484 369
29 498 344
25 107 93
33 482 484
27 170 258
29 356 282
24 222 149
29 193 337
28 280 368
27 378 271
32 491 382
27 419 372
27 151 198
30 383 468
27 132 178
28 329 287
27 356 212
29 413 194
28 434 348
29 291 337
29 280 250
32 346 267
29 247 350
26 476 385
29 494 351
32 493 464
29 499 354
30 438 344
26 181 140
26 325 188
28 215 261
27 450 210
29 321 280
29 450 319
24 168 132
25 166 106
30 259 380
25 171 79
30 240 357
30 291 336
26 248 182
28 324 317
25 198 144
31 475 257
29 330 371
29 442 299
29 257 367
31 473 368
28 303 178
24 255 163
28 433 442
26 188 136
27 190 229
32 281 365
31 358 464
29 416 309
31 401 459
22 67 73
31 303 383
29 325 375
27 278 497
29 266 198
27 475 373
30 358 457
30 330 281
30 283 272
30 307 499
29 454 385
29 185 156
29 365 274
29 478 411
28 206 298
25 119 159
26 165 158
30 400 341
30 473 235
28 364 329
31 385 318
29 331 485
30 459 352
32 361 304
30 292 315
30 249 280
31 314 388
27 256 177
27 198 273
30 430 447
30 490 314
31 343 437
28 264 295
29 273 230
25 193 195
27 440 312
30 278 305
29 401 372
30 394 405
30 378 172
26 254 331
30 428 298
28 435 297
29 216 297
29 439 299
25 199 127
31 303 264
31 333 280
26 214 316
26 194 137
29 435 226
29 339 333
28 434 323
30 439 478
30 333 458
31 465 236
27 328 233
28 430 334
30 360 469
32 454 369
26 235 226
30 472 460
25 109 187
27 283 238
33 315 483
31 435 375
25 112 82
28 171 223
30 392 327
27 272 263
31 432 369
29 346 353
31 239 367
29 264 193
28 223 159
30 371 369
26 129 192
27 450 219
25 154 125
28 161 260
31 471 339
30 307 372
31 332 374
28 274 254
30 307 359
25 434 353
30 459 223
28 360 320
28 353 237
25 454 318
31 347 464
29 429 368
32 450 307
28 266 350
31 256 436
28 325 320
24 143 135
27 358 438
28 448 255
28 409 368
27 306 269
26 217 219
30 223 327
29 185 203
28 491 322
29 442 333
29 335 223
28 295 342
31 350 457
32 479 471
30 387 373
31 271 441
31 310 493
26 307 459
28 496 499
23 151 173
30 309 339
30 348 359
30 415 212
31 293 329
30 318 270
32 366 413
29 220 264
29 167 208
28 332 259
32 377 370
27 342 231
26 170 338
28 435 378
32 473 490
27 260 201
27 349 195
29 340 344
29 433 251
30 238 364
32 294 441
27 276 330
26 118 201
28 231 192
27 222 211
28 254 270
29 468 331
33 346 467
32 425 372
33 441 366
28 301 195
25 183 161
31 478 371
29 230 233
31 491 335
29 355 479
29 314 490
28 343 295
26 227 148
28 183 281
27 256 291
27 290 357
26 286 178
27 387 266
27 396 358
30 189 273
27 263 324
28 298 382
26 291 229
30 150 242
28 429 368
27 463 499
24 122 114
31 480 374
28 361 248
28 365 477
26 154 177
28 281 324
31 281 314
28 485 243
30 326 466
28 300 445
28 415 277
32 461 419
27 246 286
27 139 143
24 293 144
28 238 157
28 388 275
29 393 257
26 179 212
27 290 383
27 242 214
28 254 386
29 473 372
25 136 93
30 242 456
28 173 375
26 118 172
26 192 165
28 185 303
28 225 414
31 416 361
26 469 399
30 233 316
28 216 298
32 433 466
30 489 464
26 106 215
27 317 297
27 247 366
28 400 478
27 281 352
30 401 370
27 258 434
26 427 336
24 246 291
27 229 222
30 286 340
27 195 262
27 358 253
31 358 485
29 287 371
33 474 449
30 443 373
29 188 350
27 150 161
32 408 412
27 239 279
25 225 144
30 274 357
29 398 443
27 299 289
28 289 302
26 162 143
31 315 267
31 358 414
30 283 377
29 475 309
29 475 473
29 284 223
26 146 135
29 209 415
29 367 418
28 341 203
32 473 298
24 95 171
30 267 362
29 319 146
32 396 372
29 459 296
27 273 325
30 426 190
30 345 372
26 238 368
30 253 273
33 475 397
27 256 313
29 204 436
28 456 412
31 384 372
29 271 269
27 280 438
30 276 289
28 215 208
31 331 271
27 476 289
31 340 339
29 231 351
30 422 260
31 385 379
28 234 334
29 367 275
30 339 266
28 210 308
30 265 326
32 363 360
27 383 267
28 232 364
25 124 181
27 237 262
27 340 359
31 307 325
29 345 269
31 425 455
31 420 330
26 289 320
24 87 98
27 406 325
28 444 330
28 411 200
28 395 363
27 342 235
27 261 294
30 340 355
22 318 169
27 482 374
25 328 459
25 101 148
32 438 334
30 493 374
26 271 294
31 435 337
29 278 184
30 335 254
29 478 340
26 213 323
28 197 230
28 193 282
27 281 171
29 221 266
29 430 369
29 222 376
26 429 194
26 252 418
31 324 300
25 207 192
29 303 289
31 279 465
26 230 239
25 278 208
28 378 356
28 132 129
29 250 286
29 275 326
32 335 311
32 398 357
30 479 346
32 321 458
27 360 491
26 167 347
29 208 426
30 287 317
23 93 144
28 209 266
26 194 310
28 212 372
32 451 373
29 230 270
29 266 254
28 432 224
27 347 265
30 283 378
29 333 257
29 381 368
25 149 212
27 320 319
30 357 367
29 380 343
27 173 130
28 345 287
28 366 465
28 184 286
30 412 368
25 162 92
30 380 289
29 167 216
29 209 305
29 480 381
31 472 266
29 223 284
29 368 326
26 324 206
31 372 333
30 210 402
30 376 470
27 295 374
28 363 222
29 240 356
30 346 393
29 409 467
27 349 435
30 335 427
27 266 304
27 214 163
26 265 176
28 192 225
31 345 407
28 320 373
29 405 370
25 77 156
28 463 257
26 452 298
30 335 325
30 470 370
29 174 174
26 217 168
27 276 263
29 409 372
32 435 345
29 365 491
29 496 488
28 460 371
29 329 312
31 462 345
28 88 181
28 419 219
32 469 253
27 432 254
29 440 469
27 254 148
29 475 475
28 316 286
29 237 270
28 160 189
25 309 199
29 439 367
28 411 261
29 264 471
29 352 291
27 213 262
27 231 279
29 411 350
29 380 451
30 396 499
27 441 249
28 204 337
28 230 472
29 290 250
27 368 244
31 364 318
27 230 179
26 166 157
30 282 232
28 245 233
25 236 259
33 402 371
30 467 495
30 452 423
31 398 390
25 200 183
29 386 349
27 245 348
28 393 311
27 282 317
26 129 172
29 297 432
29 346 264
29 406 379
28 287 356
30 285 462
27 127 207
27 316 259
27 333 185
28 387 358
26 173 225
28 356 375
28 267 161
28 300 242
32 359 479
30 416 470
22 209 151
30 332 333
32 440 363
30 366 345
29 463 327
27 318 368
27 302 217
28 291 236
28 394 370
27 269 217
27 211 231
31 366 265
27 397 360
27 234 160
29 271 254
29 330 285
30 247 327
29 472 426
26 292 270
26 346 307
29 365 320
31 458 418
27 287 298
25 138 231
26 137 126
29 349 284
29 388 199
26 250 215
27 142 171
27 212 77
32 463 316
24 231 211
30 308 377
31 486 364
26 273 220
26 280 487
31 344 328
29 218 284
27 183 162
28 265 212
32 345 352
29 498 334
27 211 219
28 356 259
26 135 158
26 256 234
26 261 165
28 377 355
24 104 98
29 384 339
33 243 457
32 484 445
30 292 420
27 475 194
29 449 238
29 439 369
31 255 256
27 163 191
30 383 304
25 201 268
31 318 340
29 265 320
27 467 366
27 172 408
28 431 231
30 338 303
30 406 372
29 448 352
25 166 135
27 203 197
25 113 191
26 108 186
30 393 469
28 364 300
26 259 274
30 222 374
29 419 380
28 231 498
26 122 190
29 251 388
26 455 199
30 305 317
25 282 345
26 286 399
31 398 258
26 277 425
31 260 431
26 223 251
26 117 89
27 90 201
30 249 475
29 283 475
28 337 215
30 153 223
30 383 372
29 366 359
28 273 316
31 433 365
25 139 91
27 256 343
26 125 163
27 178 223
27 211 262
29 416 268
27 312 334
29 329 437
27 264 292
28 189 136
30 291 354
29 275 478
32 438 365
29 493 453
23 71 65
29 187 342
29 434 263
26 183 214
29 148 210
29 313 267
29 377 237
31 477 493
24 76 172
29 255 247
22 86 88
31 469 300
28 295 218
29 167 227
31 274 319
29 400 360
31 267 339
30 461 353
30 170 400
26 219 206
28 265 338
32 451 338
31 238 366
29 157 241
29 258 316
33 351 310
29 238 331
31 199 241
29 382 386
30 288 369
22 57 50
28 493 369
30 295 393
31 447 340
27 139 232
30 233 434
27 286 220
30 188 352
29 172 284
31 456 353
22 94 85
32 316 424
29 394 266
29 229 227
29 344 473
27 390 451
28 398 315
28 308 274
26 100 183
31 489 373
28 230 323
32 463 480
26 171 174
29 391 395
22 89 57
28 260 287
30 289 447
30 385 306
29 297 267
27 192 243
30 261 445
29 285 379
30 234 329
30 230 329
30 187 277
30 471 452
30 285 377
31 342 335
26 171 237
30 247 322
30 224 422
30 213 418
28 311 462
26 171 193
27 214 146
30 299 388
29 257 327
28 166 165
26 327 410
27 247 317
30 262 422
29 270 325
33 375 422
26 184 193
28 219 354
30 175 491
30 269 302
30 229 366
29 467 348
29 251 424
29 209 480
26 158 301
32 251 430
26 254 134
25 123 116
28 103 346
29 384 352
31 298 459
29 400 294
28 232 358
32 471 471
29 422 458
31 354 440
25 217 316
30 265 409
32 343 426
31 460 312
34 470 372
29 294 348
30 344 311
29 304 243
31 344 257
29 341 385
29 391 471
26 170 173
31 378 237
32 366 221
30 431 270
32 364 403
31 456 339
29 338 207
28 359 298
31 391 307
28 132 154
34 338 336
24 167 89
31 243 389
28 156 208
29 265 269
31 368 312
29 280 346
30 273 410
32 337 402
28 160 224
22 51 58
29 464 353
30 472 465
30 457 489
29 238 308
31 393 435
29 389 321
29 228 472
28 206 283
28 211 190
29 207 321
30 246 358
30 272 441
28 328 290
29 342 288
32 315 439
29 228 158
32 374 404
28 155 266
25 130 202
27 125 121
28 242 334
30 484 342
34 493 421
33 379 471
32 422 462
30 347 245
30 293 281
31 460 427
23 67 181
30 202 332
30 172 424
27 222 231
26 203 208
31 362 286
28 366 368
25 214 171
29 172 355
28 256 324
27 172 283
31 393 473
28 165 205
31 305 288
28 111 313
26 181 147
25 139 117
31 279 430
31 310 399
28 187 360
27 87 234
30 369 354
30 332 490
29 280 418
28 225 330
31 329 438
30 297 300
32 292 360
28 348 418
32 288 264
31 345 370
30 449 335
30 395 315
31 416 323
31 464 362
30 269 424
31 349 306
31 416 251
29 339 248
27 141 145
28 332 285
29 310 378
28 210 247
33 312 374
27 217 190
29 384 430
30 339 373
28 227 288
26 211 273
30 273 414
32 380 410
29 316 491
32 254 321
27 224 205
25 200 136
30 335 318
28 375 306
31 332 355
27 225 171
30 262 303
30 201 384
29 388 292
29 344 301
29 195 435
31 490 458
26 157 229
30 360 449
28 254 323
25 153 181
29 204 404
29 210 205
28 235 229
31 348 282
29 298 227
29 213 468
30 387 324
31 271 240
28 320 272
29 100 185
33 386 348
31 494 436
28 318 349
29 293 353
29 252 262
31 206 260
29 303 429
28 174 332
28 194 429
31 386 472
28 187 215
27 411 370
29 328 272
27 208 193
28 358 257
29 370 317
24 130 92
30 266 390
25 99 136
32 262 417
28 223 419
31 319 344
30 293 470
30 337 238
32 443 433
29 372 436
31 372 402
31 448 400
31 462 394
30 456 448
29 454 314
31 257 290
30 327 478
28 329 426
29 264 226
29 175 193
30 243 354
28 279 235
28 140 254
27 274 331
33 460 322
26 141 69
31 489 418
27 132 207
28 305 434
32 335 478
31 271 354
29 274 347
29 179 248
27 297 294
31 321 351
27 167 291
31 453 354
27 185 161
29 193 338
29 264 475
25 240 219
26 149 145
29 477 363
31 371 488
33 390 478
30 432 473
30 425 404
25 178 313
27 195 190
29 324 450
26 167 345
29 188 245
29 339 343
32 477 350
35 413 481
29 144 213
30 367 360
29 275 298
30 495 368
26 133 163
29 241 451
28 218 297
27 116 162
30 429 484
31 479 387
30 223 195
30 222 204
33 301 394
26 158 135
27 212 266
27 214 282
32 274 326
25 135 201
27 242 185
28 209 172
28 254 417
29 421 312
30 315 449
31 460 368
29 328 362
31 466 331
28 237 223
29 394 437
30 323 325
29 153 192
30 205 462
32 234 451
28 230 394
30 458 362
32 428 414
28 353 223
30 471 436
29 468 288
30 447 344
30 299 318
29 187 328
29 370 481
31 226 327
28 205 244
29 423 315
32 229 463
27 195 200
27 146 329
31 475 396
31 470 392
32 394 322
29 231 268
29 420 484
29 304 361
30 241 426
29 196 213
27 262 231
34 396 465
29 239 326
30 305 337
30 386 307
25 166 117
30 276 222
31 252 490
28 218 392
30 396 291
30 295 451
29 191 282
29 351 230
31 185 332
27 320 413
30 475 304
29 288 238
29 185 353
32 291 403
29 355 223
29 253 349
30 191 366
27 157 172
29 280 243
28 167 168
28 339 255
27 265 189
30 417 413
27 236 224
28 162 329
30 426 371
28 162 213
25 125 157
31 483 389
24 61 163
30 233 386
27 221 218
28 154 391
25 115 185
29 409 377
28 96 166
31 188 334
27 268 298
31 382 263
30 300 484
27 309 243
29 297 248
29 193 291
23 92 69
27 115 243
28 238 251
24 43 114
29 297 430
29 440 317
31 360 267
30 234 374
27 143 175
29 216 235
28 270 488
29 207 283
28 436 307
28 183 367
34 389 455
30 208 396
28 207 225
28 362 416
27 175 205
26 282 124
31 347 465
30 251 249
29 272 449
28 225 294
28 436 252
31 315 483
27 191 164
29 197 262
30 271 157
32 381 316
27 396 292
30 316 484
27 335 215
30 272 381
28 348 427
30 296 275
31 277 217
25 190 133
29 232 374
31 258 227
32 465 371
32 362 492
34 268 417
29 315 287
30 231 293
31 423 282
25 111 228
27 374 260
28 162 189
30 250 372
29 419 426
29 441 434
27 201 283
31 414 399
31 257 307
30 312 257
31 463 470
32 432 371
29 204 334
34 403 400
32 281 335
29 210 247
28 296 246
26 209 189
26 90 98
27 479 299
31 193 296
28 392 363
28 160 184
30 230 168
32 335 408
26 179 374
30 395 414
27 176 292
30 398 418
31 430 449
26 134 213
26 150 210
27 375 180
23 52 108
29 197 319
26 202 219
32 418 275
30 407 317
29 293 192
28 163 286
23 112 148
28 199 243
27 210 282
29 238 280
30 323 299
31 267 390
27 118 241
26 238 302
30 430 272
30 243 258
28 241 229
30 289 389
30 308 321
30 407 326
30 339 355
30 217 243
31 184 365
32 324 265
30 393 369
29 189 229
31 358 319
30 269 336
29 290 260
27 116 228
28 166 256
29 448 351
30 407 435
33 418 307
29 195 417
31 416 390
30 352 339
33 410 375
33 386 469
26 188 248
26 224 126
27 219 219
27 271 432
30 267 412
30 294 490
31 246 357
29 231 311
35 491 400
29 204 268
27 200 286
29 310 356
30 177 478
30 308 338
28 274 244
24 154 203
29 309 297
27 131 254
31 342 405
30 237 289
32 196 249
27 274 160
23 119 176
28 223 198
30 234 393
28 262 220
29 490 253
30 252 195
28 317 278
29 241 248
28 217 352
27 140 169
31 150 263
32 432 329
32 415 445
28 166 230
29 231 200
29 400 311
29 369 329
27 116 242
31 203 318
31 289 374
33 375 343
28 243 219
28 338 256
26 174 170
26 178 125
30 312 239
30 164 361
30 380 371
29 357 280
30 479 418
28 201 239
31 315 475
32 345 244
29 241 321
31 455 367
29 474 486
27 205 308
26 254 116
30 315 251
27 238 177
28 365 310
27 257 217
29 326 313
30 321 314
32 348 295
27 125 161
27 231 253
29 296 395
31 307 434
28 420 230
31 403 454
30 269 204
22 77 124
29 247 341
29 160 324
29 194 172
31 219 448
29 313 366
31 424 345
30 382 325
26 169 165
29 306 304
28 308 272
28 479 464
28 401 181
33 296 303
31 235 462
26 186 106
24 96 141
28 213 247
30 283 438
30 194 403
30 382 369
32 206 396
29 267 311
28 177 291
25 137 174
26 164 173
32 434 466
28 132 254
27 192 212
32 447 262
32 399 400
28 136 145
26 176 281
31 274 330
32 394 404
30 286 492
27 165 226
29 217 315
31 403 484
29 491 364
29 309 255
32 384 432
29 247 445
27 205 118
30 349 471
33 485 381
28 371 295
28 268 266
29 321 321
31 374 315
28 299 218
27 138 296
30 244 465
28 103 187
31 476 354
28 215 190
27 221 174
28 289 351
29 421 347
31 250 223
33 297 330
27 278 305
28 426 301
32 283 487
28 164 282
29 354 376
31 410 365
29 258 243
29 210 92
31 190 188
35 498 305
25 112 114
32 478 385
31 502 307
28 130 135
31 227 255
28 502 164
32 472 350
34 370 389
28 219 316
30 319 291
34 982 657
30 487 293
25 162 175
31 360 452
29 481 373
30 293 473
27 196 119
32 273 423
28 190 211
36 478 331
32 504 355
30 243 244
26 186 185
24 77 120
29 451 275
34 478 354
24 154 248
30 263 204
25 115 90
30 254 185
32 286 453
36 561 362
30 517 232
31 508 369
32 500 303
31 333 330
29 199 173
29 182 233
28 321 282
35 579 568
30 134 298
34 230 243
34 499 367
32 264 280
27 114 111
37 845 579
31 401 325
25 162 237
33 443 307
31 290 275
31 407 339
29 299 328
27 271 110
31 279 300
31 177 210
27 199 192
32 475 315
31 639 465
28 114 138
30 311 161
32 525 614
29 153 158
35 987 643
25 125 189
31 230 196
30 277 279
29 195 211
34 451 441
32 477 286
30 373 244
26 101 98
29 648 537
29 484 287
41 990 672
33 500 475
34 253 203
26 170 97
33 324 478
30 333 472
29 141 181
31 393 145
30 402 174
34 1001 748
30 199 159
27 227 188
28 213 137
35 461 438
30 198 131
26 133 105
27 100 111
27 246 105
32 278 229
37 992 750
33 879 617
31 208 245
31 313 140
29 348 354
32 483 361
29 910 642
30 454 367
26 221 155
35 500 334
35 296 370
21 70 59
33 497 449
33 498 370
29 269 151
27 155 100
30 207 341
30 317 355
33 512 202
29 163 187
29 496 322
33 439 298
33 500 372
26 96 184
30 832 612
33 313 231
31 489 322
32 392 292
27 197 139
29 151 106
38 934 616
33 479 350
32 499 332
29 372 297
32 490 318
29 183 128
27 189 178
27 314 277
33 495 360
25 89 136
28 222 217
28 396 209
33 586 564
28 209 197
35 652 410
32 314 318
28 301 232
29 189 210
28 201 162
30 785 588
26 80 113
30 339 368
36 1042 946
30 394 345
34 549 391
35 493 468
32 311 220
31 357 413
31 367 480
25 178 168
31 206 133
30 488 391
32 507 331
33 485 448
28 384 286
26 132 129
30 268 257
22 104 145
30 225 219
38 984 631
26 148 88
29 532 280
32 358 478
30 410 285
31 108 498
28 151 132
34 485 322
26 199 318
29 167 267
30 118 370
31 579 409
32 375 424
31 421 294
29 312 233
27 391 402
30 192 167
33 527 345
29 433 360
30 398 410
32 400 500
30 370 236
29 448 363
31 410 405
30 238 260
31 213 160
32 488 302
33 375 500
34 993 775
34 333 333
30 315 272
33 492 368
28 228 193
28 171 160
31 481 323
33 376 285
30 144 211
33 563 379
32 430 367
32 406 238
33 368 405
34 356 302
28 182 166
29 460 465
29 465 323
28 210 208
30 267 257
41 1710 2665
30 411 368
30 465 373
30 434 289
32 496 353
34 439 349
32 633 465
29 247 205
32 363 465
32 268 302
28 197 180
28 254 280
27 261 237
33 333 434
30 330 281
32 496 450
26 112 104
32 288 146
36 993 643
27 179 80
27 120 100
31 361 319
25 86 63
32 494 283
33 408 387
31 204 184
32 500 400
30 225 197
30 244 230
32 392 376
27 165 166
24 102 75
26 104 128
29 314 200
25 120 119
32 346 370
29 228 230
30 499 378
32 463 329
28 251 170
27 73 116
33 487 483
31 331 261
32 451 374
29 194 301
35 536 433
32 287 299
35 971 637
25 89 122
29 283 361
32 423 288
32 350 274
29 230 180
31 481 446
36 946 700
34 375 500
34 720 583
28 266 242
31 509 366
31 798 560
29 328 281
33 486 342
33 405 324
33 460 487
30 290 269
35 430 477
31 474 314
34 387 385
31 280 230
27 371 223
31 215 312
33 480 344
28 151 218
33 817 670
30 226 373
31 485 417
33 360 231
35 476 363
33 672 991
29 251 245
28 562 319
30 197 138
34 465 380
32 337 322
33 483 325
35 632 448
29 333 500
31 441 318
35 677 1012
30 407 121
33 406 356
31 358 333
32 478 324
23 116 121
34 484 216
30 315 328
35 974 653
27 154 160
34 507 371
30 432 371
33 831 655
31 168 282
33 489 485
29 263 281
30 451 407
35 976 639
26 215 116
31 222 195
33 478 362
32 446 348
33 382 342
21 93 171
26 178 181
31 473 398
36 795 610
33 850 641
28 211 354
33 268 312
34 454 460
31 442 436
34 378 420
28 232 209
34 853 615
34 461 354
35 1111 699
26 125 202
33 585 449
27 147 122
36 2737 2229
33 726 635
32 411 332
30 493 319
30 391 346
34 434 307
35 437 355
30 277 223
24 125 66
30 247 349
33 518 662
31 420 321
33 256 250
34 505 335
27 220 253
37 955 604
30 396 177
24 51 125
34 480 369
38 967 530
31 642 953
33 438 267
29 492 374
37 968 636
26 150 150
31 382 353
28 186 132
33 284 286
26 182 186
30 475 338
33 491 362
31 313 460
29 397 441
34 460 363
33 491 401
30 389 289
37 982 687
24 73 119
26 217 90
34 996 747
25 136 69
31 292 213
32 444 348
29 358 141
29 477 279
31 480 318
39 787 590
27 121 62
33 500 402
27 171 270
33 311 482
33 362 455
25 70 81
35 415 349
29 163 189
33 733 826
35 587 882
34 481 368
26 161 73
26 233 126
29 212 250
28 212 182
28 485 266
33 487 327
30 200 200
38 747 749
34 290 401
31 425 451
32 440 355
29 229 196
32 388 291
23 141 114
26 75 80
24 84 73
25 123 120
31 485 353
30 323 326
31 683 471
29 161 213
37 982 883
27 143 101
30 232 216
30 220 136
30 467 328
32 406 344
32 364 462
34 500 333
32 481 331
27 167 176
37 977 681
26 256 171
27 261 306
32 369 442
25 147 100
30 458 321
28 128 94
33 468 307
31 426 280
31 454 331
32 579 412
29 132 145
30 178 288
34 540 382
23 100 149
34 444 429
29 193 214
33 497 243
33 486 199
33 470 344
28 171 207
27 200 70
28 208 204
32 269 303
34 387 360
31 453 375
32 500 349
28 179 192
34 487 356
30 275 121
28 245 254
29 135 149
31 293 125
31 400 345
28 218 135
27 175 271
31 375 347
28 204 177
31 465 267
35 405 474
30 300 448
29 496 306
34 429 512
29 467 304
32 293 323
30 494 293
28 74 227
38 981 644
33 576 505
32 263 188
31 368 390
34 500 375
24 164 109
35 500 375
30 406 301
32 779 777
28 167 89
30 425 295
27 567 434
38 929 664
28 325 317
36 500 375
36 969 387
29 604 583
27 507 366
31 304 251
33 497 368
33 333 500
29 346 266
30 500 265
31 306 271
36 1000 460
32 205 380
24 117 95
28 232 245
27 125 92
26 207 109
34 481 303
31 264 250
31 235 225
31 500 437
28 213 174
30 334 481
30 363 451
33 546 499
30 387 439
29 237 212
24 84 68
29 458 367
31 255 255
29 254 210
22 89 90
29 121 315
32 488 372
33 392 284
28 327 203
33 479 354
38 976 648
32 468 351
28 178 179
32 299 239
24 113 127
31 489 355
29 158 131
30 695 542
31 360 406
30 359 460
33 485 375
32 365 359
26 193 206
26 170 213
33 336 410
28 144 76
31 333 413
36 487 476
31 340 465
31 224 207
30 281 246
32 197 276
30 197 188
33 471 394
27 236 177
29 236 296
32 447 323
30 235 225
31 319 257
26 259 273
30 445 493
34 480 350
27 387 239
27 221 173
34 184 287
26 188 177
30 287 535
29 194 181
27 305 180
35 383 448
31 386 376
32 1000 667
32 258 362
33 388 376
26 130 91
33 421 327
31 237 175
32 469 365
24 203 178
36 821 624
34 915 807
31 317 436
34 459 368
25 97 88
28 229 151
29 252 160
32 500 362
30 338 142
33 477 559
28 715 520
25 239 319
30 453 328
24 90 92
34 499 417
30 223 197
29 488 324
30 365 293
31 249 263
30 286 204
30 497 363
29 477 195
31 300 261
28 301 96
31 518 550
34 609 423
34 679 640
34 870 348
32 525 468
36 606 522
33 336 490
35 1024 703
29 225 288
34 356 287
35 979 627
34 867 640
35 740 709
35 557 601
29 138 128
32 368 270
38 1000 684
31 505 359
27 174 160
25 62 83
33 336 458
30 264 324
32 543 444
30 495 304
36 996 714
30 809 637
32 992 649
32 581 421
31 481 345
30 226 152
26 180 380
28 226 251
28 162 155
27 193 199
37 591 442
33 417 202
26 157 151
30 441 228
27 333 242
31 556 361
25 278 198
32 335 316
33 339 406
35 874 759
34 494 337
30 556 357
31 338 310
33 569 423
30 201 187
26 98 87
29 365 96
31 901 663
33 583 649
32 443 249
32 588 465
35 493 331
31 421 243
32 309 264
36 874 551
32 364 272
28 123 187
34 463 603
32 503 309
32 467 377
31 447 974
29 216 151
29 250 296
30 362 374
28 482 373
32 341 273
30 312 284
32 476 204
29 293 292
33 478 354
34 328 186
32 638 470
26 122 155
28 157 121
24 128 75
31 329 189
31 619 462
35 922 792
32 492 325
35 398 361
33 457 378
31 363 272
30 551 738
33 421 358
30 478 416
31 362 347
29 302 330
36 779 581
27 239 163
29 413 342
34 489 335
30 259 442
33 496 382
32 425 361
34 497 367
28 246 191
33 369 470
28 221 273
35 490 328
34 365 458
30 218 213
29 219 293
34 458 324
32 365 472
29 353 219
31 256 169
31 346 472
28 227 243
33 303 366
34 500 375
30 327 320
29 238 257
30 486 344
31 375 500
31 169 190
34 368 453
34 492 368
33 490 389
26 113 87
25 212 133
33 374 363
30 148 209
33 492 362
26 173 104
31 343 287
32 442 354
33 407 363
28 162 205
26 173 210
32 485 345
31 302 426
26 239 331
31 475 335
31 215 319
26 120 100
26 158 111
29 445 290
34 356 500
28 205 224
27 115 115
35 488 357
31 488 363
29 429 330
26 167 90
24 156 73
35 486 330
33 405 304
34 472 360
34 496 360
32 385 355
34 495 361
35 491 361
32 428 276
29 228 173
35 658 474
30 320 105
28 130 145
32 241 434
30 409 360
36 463 320
27 222 193
30 220 255
31 490 355
30 482 325
29 310 196
35 474 338
33 499 368
32 373 262
33 441 322
29 303 205
28 212 182
24 76 73
31 841 683
26 136 189
34 313 379
33 345 462
31 402 266
31 389 195
31 317 319
31 171 395
31 478 347
34 500 333
29 241 262
31 167 192
27 315 266
31 479 293
30 192 442
26 145 241
25 140 184
30 301 300
30 87 427
33 851 617
33 453 352
34 500 305
30 336 154
28 183 203
28 240 271
33 500 333
29 471 318
34 500 332
29 185 195
32 303 323
28 294 359
29 319 299
29 479 396
31 449 363
31 391 272
31 367 455
30 334 500
29 269 211
30 292 329
32 384 257
31 456 306
31 495 321
32 325 454
30 495 340
32 436 473
27 385 232
32 485 336
29 337 315
30 428 356
32 386 326
31 487 324
31 500 397
31 397 341
31 421 353
26 70 112
24 83 80
24 105 94
31 472 390
34 491 365
31 485 303
32 356 500
28 171 164
27 231 193
28 208 196
26 266 236
29 189 208
35 372 481
30 498 370
26 202 207
20 100 100
24 100 100
24 100 100
24 100 100
24 100 100
24 100 100
23 100 100
22 100 100
22 100 100
24 100 100
21 100 100
23 100 100
21 100 100
25 100 100
22 100 100
22 100 100
23 100 100
25 100 100
24 100 100
21 100 100
23 100 100
22 100 100
23 100 100
22 100 100
24 100 100
21 100 100
20 100 100
21 100 100
23 100 100
23 100 100
24 100 100
23 100 100
23 100 100
22 100 100
23 100 100
25 100 100
22 100 100
24 100 100
23 100 100
23 100 100
25 100 100
24 100 100
23 100 100
23 100 100
24 100 100
25 100 100
23 100 100
24 100 100
23 100 100
22 100 100
24 100 100
23 100 100
26 100 100
23 100 100
23 100 100
22 100 100
22 100 100
23 100 100
23 100 100
24 100 100
24 100 100
23 100 100
27 100 100
26 100 100
22 100 100
22 100 100
21 100 100
24 100 100
23 100 100
24 100 100
24 100 100
25 100 100
22 100 100
20 100 100
22 100 100
23 100 100
24 100 100
23 100 100
23 100 100
23 100 100
23 100 100
23 100 100
22 100 100
23 100 100
24 100 100
23 100 100
24 100 100
25 100 100
25 100 100
25 100 100
22 100 100
24 100 100
22 100 100
22 100 100
23 100 100
24 100 100
25 100 100
23 100 100
23 100 100
23 100 100
23 100 100
26 100 100
23 100 100
21 100 100
22 100 100
23 100 100
23 100 100
24 100 100
22 100 100
22 100 100
23 100 100
25 100 100
22 100 100
24 100 100
22 100 100
23 100 100
23 100 100
24 100 100
22 100 100
24 100 100
25 100 100
21 100 100
24 100 100
26 100 100
23 100 100
23 100 100
22 100 100
22 100 100
24 100 100
23 100 100
21 100 100
22 100 100
23 100 100
23 100 100
23 100 100
22 100 100
25 100 100
23 100 100
24 100 100
22 100 100
22 100 100
23 100 100
26 100 100
22 100 100
25 100 100
22 100 100
22 100 100
25 100 100
21 100 100
24 100 100
23 100 100
24 100 100
26 100 100
25 100 100
20 100 100
23 100 100
23 100 100
23 100 100
23 100 100
24 100 100
20 100 100
23 100 100
23 100 100
22 100 100
24 100 100
20 100 100
23 100 100
23 100 100
23 100 100
25 100 100
22 100 100
23 100 100
21 100 100
24 100 100
22 100 100
23 100 100
26 100 100
24 100 100
25 100 100
21 100 100
22 100 100
21 100 100
20 100 100
24 100 100
23 100 100
25 100 100
22 100 100
23 100 100
22 100 100
20 100 100
24 100 100
23 100 100
21 100 100
22 100 100
23 100 100
25 100 100
26 100 100
24 100 100
22 100 100
23 100 100
25 100 100
25 100 100
23 100 100
22 100 100
24 100 100
21 100 100
21 100 100
22 100 100
24 100 100
22 100 100
22 100 100
25 100 100
24 100 100
25 100 100
23 100 100
25 100 100
24 100 100
22 100 100
22 100 100
23 100 100
23 100 100
22 100 100
24 100 100
25 100 100
22 100 100
24 100 100
22 100 100
24 100 100
21 100 100
21 100 100
23 100 100
22 100 100
24 100 100
22 100 100
23 100 100
23 100 100
22 100 100
23 100 100
20 100 100
22 100 100
25 100 100
23 100 100
23 100 100
22 100 100
22 100 100
23 100 100
22 100 100
24 100 100
20 100 100
24 100 100
22 100 100
22 100 100
23 100 100
26 100 100
22 100 100
25 100 100
24 100 100
22 100 100
26 100 100
23 100 100
24 100 100
24 100 100
24 100 100
22 100 100
25 100 100
24 100 100
24 100 100
23 100 100
22 100 100
23 100 100
25 100 100
23 100 100
22 100 100
24 100 100
22 100 100
25 100 100
22 100 100
20 100 100
25 100 100
20 100 100
25 100 100
23 100 100
23 100 100
24 100 100
24 100 100
23 100 100
24 100 100
23 100 100
24 100 100
23 100 100
22 100 100
23 100 100
26 100 100
25 100 100
24 100 100
23 100 100
24 100 100
23 100 100
21 100 100
23 100 100
21 100 100
25 100 100
23 100 100
22 100 100
24 100 100
22 100 100
21 100 100
22 100 100
24 100 100
23 100 100
22 100 100
20 100 100
21 100 100
25 100 100
24 100 100
25 100 100
21 100 100
24 100 100
22 100 100
22 100 100
25 100 100
24 100 100
22 100 100
22 100 100
21 100 100
21 100 100
21 100 100
24 100 100
23 100 100
22 100 100
23 100 100
23 100 100
22 100 100
24 100 100
22 100 100
23 100 100
23 100 100
25 100 100
22 100 100
23 100 100
21 100 100
25 100 100
22 100 100
22 100 100
25 100 100
23 100 100
24 100 100
21 100 100
24 100 100
25 100 100
24 100 100
24 100 100
23 100 100
24 100 100
23 100 100
21 100 100
23 100 100
23 100 100
24 100 100
23 100 100
21 100 100
23 100 100
23 100 100
23 100 100
21 100 100
23 100 100
21 100 100
23 100 100
23 100 100
22 100 100
23 100 100
24 100 100
24 100 100
23 100 100
24 100 100
24 100 100
22 100 100
21 100 100
23 100 100
22 100 100
21 100 100
23 100 100
23 100 100
24 100 100
21 100 100
20 100 100
21 100 100
23 100 100
21 100 100
23 100 100
25 100 100
24 100 100
21 100 100
23 100 100
24 100 100
23 100 100
24 100 100
25 100 100
21 100 100
23 100 100
23 100 100
23 100 100
23 100 100
24 100 100
22 100 100
25 100 100
23 100 100
24 100 100
25 100 100
23 100 100
23 100 100
22 100 100
22 100 100
25 100 100
21 100 100
23 100 100
24 100 100
24 100 100
22 100 100
25 100 100
23 100 100
21 100 100
23 100 100
22 100 100
21 100 100
25 100 100
23 100 100
23 100 100
23 100 100
25 100 100
24 100 100
23 100 100
24 100 100
22 100 100
23 100 100
23 100 100
25 100 100
24 100 100
23 100 100
24 100 100
21 100 100
23 100 100
24 100 100
22 100 100
21 100 100
25 100 100
25 100 100
22 100 100
22 100 100
22 100 100
25 100 100
21 100 100
23 100 100
20 100 100
25 100 100
22 100 100
22 100 100
24 100 100
23 100 100
22 100 100
23 100 100
22 100 100
22 100 100
23 100 100
22 100 100
24 100 100
20 100 100
23 100 100
20 100 100
23 100 100
22 100 100
23 100 100
23 100 100
23 100 100
22 100 100
21 100 100
22 100 100
23 100 100
25 100 100
23 100 100
24 100 100
24 100 100
24 100 100
22 100 100
22 100 100
24 100 100
23 100 100
24 100 100
22 100 100
21 100 100
24 100 100
24 100 100
25 100 100
22 100 100
23 100 100
22 100 100
24 100 100
24 100 100
23 100 100
22 100 100
22 100 100
25 100 100
25 100 100
23 100 100
23 100 100
24 100 100
24 100 100
20 100 100
22 100 100
22 100 100
24 100 100
22 100 100
22 100 100
25 100 100
24 100 100
22 100 100
25 100 100
20 100 100
25 100 100
23 100 100
25 100 100
24 100 100
22 100 100
23 100 100
23 100 100
26 100 100
22 100 100
23 100 100
23 100 100
24 100 100
22 100 100
23 100 100
21 100 100
23 100 100
21 100 100
23 100 100
23 100 100
22 100 100
22 100 100
23 100 100
22 100 100
23 100 100
26 100 100
24 100 100
21 100 100
22 100 100
24 100 100
22 100 100
22 100 100
22 100 100
22 100 100
23 100 100
21 100 100
22 100 100
21 100 100
22 100 100
21 100 100
23 100 100
24 100 100
21 100 100
26 100 100
22 100 100
22 100 100
24 100 100
21 100 100
24 100 100
21 100 100
24 100 100
22 100 100
23 100 100
25 100 100
24 100 100
22 100 100
22 100 100
22 100 100
23 100 100
22 100 100
23 100 100
21 100 100
22 100 100
23 100 100
23 100 100
22 100 100
23 100 100
24 100 100
22 100 100
26 100 100
23 100 100
23 100 100
25 100 100
24 100 100
24 100 100
23 100 100
21 100 100
23 100 100
23 100 100
23 100 100
23 100 100
25 100 100
25 100 100
24 100 100
22 100 100
23 100 100
24 100 100
24 100 100
22 100 100
22 100 100
22 100 100
25 100 100
21 100 100
21 100 100
21 100 100
22 100 100
25 100 100
24 100 100
25 100 100
22 100 100
22 100 100
22 100 100
22 100 100
22 100 100
22 100 100
24 100 100
23 100 100
21 100 100
25 100 100
23 100 100
23 100 100
25 100 100
21 100 100
23 100 100
24 100 100
24 100 100
22 100 100
24 100 100
22 100 100
23 100 100
24 100 100
23 100 100
23 100 100
24 100 100
25 100 100
22 100 100
22 100 100
24 100 100
25 100 100
25 100 100
22 100 100
22 100 100
24 100 100
23 100 100
24 100 100
27 100 100
25 100 100
24 100 100
24 100 100
24 100 100
23 100 100
23 100 100
24 100 100
25 100 100
22 100 100
25 100 100
24 100 100
24 100 100
22 100 100
24 100 100
23 100 100
22 100 100
23 100 100
23 100 100
24 100 100
23 100 100
22 100 100
25 100 100
23 100 100
21 100 100
22 100 100
23 100 100
23 100 100
22 100 100
24 100 100
22 100 100
23 100 100
23 100 100
23 100 100
23 100 100
22 100 100
23 100 100
23 100 100
22 100 100
23 100 100
23 100 100
23 100 100
24 100 100
24 100 100
22 100 100
22 100 100
22 100 100
25 100 100
22 100 100
22 100 100
23 100 100
24 100 100
21 100 100
24 100 100
24 100 100
22 100 100
22 100 100
24 100 100
24 100 100
20 100 100
24 100 100
24 100 100
23 100 100
23 100 100
21 100 100
23 100 100
22 100 100
21 100 100
23 100 100
19 100 100
21 100 100
24 100 100
22 100 100
24 100 100
22 100 100
24 100 100
22 100 100
22 100 100
23 100 100
24 100 100
23 100 100
23 100 100
21 100 100
23 100 100
24 100 100
23 100 100
24 100 100
23 100 100
24 100 100
22 100 100
21 100 100
23 100 100
25 100 100
22 100 100
21 100 100
21 100 100
25 100 100
22 100 100
25 100 100
21 100 100
22 100 100
21 100 100
21 100 100
22 100 100
22 100 100
23 100 100
22 100 100
21 100 100
24 100 100
21 100 100
24 100 100
21 100 100
25 100 100
22 100 100
20 100 100
25 100 100
24 100 100
25 100 100
23 100 100
24 100 100
24 100 100
21 100 100
22 100 100
23 100 100
22 100 100
23 100 100
23 100 100
23 100 100
21 100 100
23 100 100
24 100 100
22 100 100
23 100 100
22 100 100
23 100 100
23 100 100
22 100 100
21 100 100
21 100 100
21 100 100
23 100 100
24 100 100
21 100 100
22 100 100
21 100 100
22 100 100
23 100 100
24 100 100
24 100 100
22 100 100
21 100 100
23 100 100
22 100 100
26 100 100
22 100 100
23 100 100
25 100 100
24 100 100
25 100 100
22 100 100
22 100 100
25 100 100
23 100 100
23 100 100
23 100 100
22 100 100
24 100 100
23 100 100
19 100 100
22 100 100
23 100 100
23 100 100
23 100 100
22 100 100
24 100 100
21 100 100
23 100 100
23 100 100
23 100 100
21 100 100
22 100 100
25 100 100
23 100 100
23 100 100
23 100 100
23 100 100
21 100 100
24 100 100
23 100 100
23 100 100
22 100 100
22 100 100
22 100 100
22 100 100
22 100 100
21 100 100
26 100 100
22 100 100
23 100 100
23 100 100
23 100 100
24 100 100
25 100 100
24 100 100
21 100 100
23 100 100
24 100 100
21 100 100
26 100 100
21 100 100
24 100 100
21 100 100
23 100 100
23 100 100
22 100 100
22 100 100
22 100 100
23 100 100
24 100 100
23 100 100
21 100 100
24 100 100
23 100 100
25 100 100
23 100 100
22 100 100
25 100 100
23 100 100
23 100 100
23 100 100
23 100 100
22 100 100
22 100 100
24 100 100
23 100 100
22 100 100
25 100 100
24 100 100
22 100 100
21 100 100
23 100 100
22 100 100
24 100 100
24 100 100
24 100 100
21 100 100
23 100 100
24 100 100
23 100 100
23 100 100
24 100 100
20 100 100
23 100 100
24 100 100
23 100 100
22 100 100
25 100 100
25 100 100
22 100 100
23 100 100
23 100 100
20 100 100
25 100 100
23 100 100
22 100 100
26 100 100
24 100 100
23 100 100
23 100 100
24 100 100
26 100 100
22 100 100
21 100 100
22 100 100
23 100 100
21 100 100
23 100 100
21 100 100
24 100 100
24 100 100
21 100 100
24 100 100
25 100 100
21 100 100
22 100 100
24 100 100
23 100 100
22 100 100
23 100 100
25 100 100
21 100 100
24 100 100
23 100 100
23 100 100
23 100 100
20 100 100
24 100 100
23 100 100
22 100 100
23 100 100
22 100 100
27 100 100
25 100 100
25 100 100
22 100 100
24 100 100
21 100 100
26 100 100
22 100 100
23 100 100
25 100 100
25 100 100
21 100 100
25 100 100
23 100 100
24 100 100
24 100 100
22 100 100
21 100 100
22 100 100
22 100 100
22 100 100
23 100 100
24 100 100
22 100 100
21 100 100
23 100 100
23 100 100
22 100 100
23 100 100
25 100 100
20 100 100
24 100 100
20 100 100
23 100 100
22 100 100
22 100 100
20 100 100
23 100 100
24 100 100
19 100 100
23 100 100
24 100 100
24 100 100
26 100 100
24 100 100
22 100 100
21 100 100
25 194 117
24 191 109
26 191 121
26 179 104
24 198 129
25 205 125
25 203 106
25 197 107
26 192 104
26 208 111
24 210 116
25 201 122
24 202 118
24 206 114
24 206 109
26 208 113
25 201 105
24 198 113
24 202 116
25 203 125
24 199 113
26 195 107
26 201 113
24 197 108
26 200 114
28 206 134
26 195 123
25 197 113
28 203 108
28 205 116
26 204 109
28 203 113
29 200 136
28 205 108
27 185 109
26 197 98
25 195 94
24 194 109
25 210 121
27 208 114
28 206 125
26 204 124
25 196 119
26 194 108
25 195 116
25 204 149
24 202 113
24 205 99
25 198 97
28 192 96
23 200 100
27 188 110
24 206 109
28 193 111
27 206 117
29 197 121
25 206 118
28 207 123
26 201 130
26 204 119
28 205 128
27 206 121
25 204 117
26 197 113
28 206 121
24 199 119
27 182 117
28 200 119
28 208 151
27 203 123
28 192 106
29 186 113
25 195 128
25 190 123
23 191 120
28 193 127
28 199 105
30 202 126
27 200 125
28 192 108
27 202 97
24 207 107
25 188 92
25 191 100
27 196 97
26 198 102
26 201 100
26 201 113
25 206 112
28 195 99
26 194 100
28 197 100
27 203 112
26 197 132
27 196 116
26 151 92
26 203 99
27 207 127
28 194 124
28 198 111
28 195 120
30 200 105
29 198 124
26 199 115
26 199 119
25 193 109
29 179 103
30 208 109
27 199 129
27 192 129
26 196 120
28 198 124
27 192 122
28 205 121
27 186 103
26 203 107
26 188 95
25 197 106
26 193 95
25 192 115
25 192 105
26 196 110
25 210 119
25 206 112
25 187 99
24 203 118
25 202 104
25 204 98
25 201 93
26 195 108
26 194 104
28 206 98
28 195 119
26 194 115
26 185 121
25 192 116
27 206 104
26 199 125
26 180 109
26 208 106
28 173 86
23 194 109
27 194 101
25 187 109
27 187 98
30 196 80
25 191 133
26 205 120
24 155 82
26 194 99
27 195 120
25 193 115
27 203 122
28 193 116
26 198 115
28 192 121
28 196 105
27 186 104
25 193 99
25 188 101
27 194 120
27 188 90
27 190 107
27 205 122
28 197 95
28 192 93
27 201 101
27 188 112
28 184 128
28 201 119
25 194 99
26 183 113
26 190 117
25 182 106
27 189 103
28 194 109
27 184 129
27 191 105
27 181 92
28 181 96
29 201 120
27 194 110
28 197 106
29 190 115
28 177 108
27 202 116
28 200 130
28 182 111
29 201 114
27 200 127
26 190 103
27 193 112
26 199 127
26 189 127
29 196 108
28 189 93
29 194 109
28 205 132
27 203 140
26 206 124
27 184 95
26 194 118
25 192 122
25 180 110
27 183 105
24 193 99
26 181 118
26 178 79
25 180 102
25 183 104
26 190 133
28 180 102
26 168 85
28 185 112
27 150 80
27 190 114
29 201 127
28 183 123
28 201 131
29 199 94
29 182 99
27 189 82
27 193 100
29 193 107
28 203 121
27 198 119
26 189 125
28 197 117
28 181 126
28 198 119
26 172 104
28 209 134
27 193 124
27 197 123
25 204 120
27 189 112
24 183 104
25 188 92
27 188 121
28 195 114
29 197 120
26 199 107
27 188 104
27 198 97
26 190 117
27 203 120
28 192 126
26 201 123
27 200 118
26 189 88
28 193 128
28 195 119
30 178 115
30 213 125
27 195 106
27 199 109
27 195 105
28 202 134
27 182 105
27 186 113
30 203 137
26 196 103
27 199 132
27 193 98
30 205 108
29 192 110
28 184 123
28 191 121
28 203 117
29 207 111
28 186 120
28 191 92
25 191 123
26 199 130
27 193 111
26 172 110
28 181 100
28 194 122
27 190 126
27 187 116
28 180 112
28 186 120
29 189 108
30 198 107
26 203 115
27 199 138
25 168 92
28 208 126
26 193 109
26 190 119
29 183 122
25 188 105
27 189 116
29 194 116
28 194 106
26 187 111
30 202 101
25 194 101
26 196 116
26 195 119
26 183 111
26 192 119
26 194 114
29 204 135
27 198 98
27 192 102
26 191 108
31 190 109
27 188 100
27 193 121
26 184 114
27 200 132
26 195 118
28 195 133
27 176 118
28 187 103
28 194 122
28 187 111
29 203 143
27 189 105
29 183 104
30 202 128
27 195 131
28 186 128
25 196 104
28 205 131
25 189 104
28 184 112
26 190 119
25 191 126
26 182 112
26 180 96
26 178 115
26 182 106
24 179 111
26 190 106
27 199 100
30 183 107
27 194 94
27 191 117
26 193 122
25 200 108
27 193 123
27 189 108
26 183 109
25 187 103
26 190 91
27 193 108
30 197 135
27 179 96
26 186 119
27 188 118
26 182 112
26 189 105
27 201 133
28 184 95
28 199 122
26 176 126
26 188 119
28 195 129
27 199 118
29 194 115
28 195 137
26 165 95
28 194 105
26 205 114
28 188 105
23 189 100
28 180 113
27 190 105
27 188 123
26 182 96
28 184 110
27 191 121
29 193 106
27 190 100
29 195 107
30 189 99
27 192 91
26 187 114
27 182 111
25 199 126
25 189 83
28 198 103
26 198 103
29 196 130
29 192 131
28 193 108
26 195 108
27 196 107
28 193 126
26 195 106
25 189 101
22 155 71
22 166 81
28 200 125
27 200 92
26 186 92
26 194 90
26 208 96
25 194 98
28 195 117
28 188 104
27 183 119
26 184 108
27 185 107
28 191 110
27 188 107
25 178 105
24 183 102
26 179 96
27 185 106
27 192 113
27 179 108
27 182 101
28 189 109
26 190 112
27 195 117
25 179 98
28 172 94
27 170 95
23 183 99
24 185 103
28 201 115
27 198 114
24 182 109
26 187 100
27 196 105
27 187 99
28 177 99
26 191 102
25 188 97
26 187 102
27 178 92
29 188 91
28 200 104
25 199 108
27 202 112
27 188 99
23 195 109
26 193 104
26 194 102
25 182 90
27 203 109
24 185 96
23 178 94
24 190 94
23 183 89
24 186 92
26 198 107
26 182 97
23 184 90
28 192 111
25 185 107
26 187 108
26 183 97
27 186 94
26 181 96
27 203 110
27 185 97
26 195 97
24 183 100
24 186 100
25 202 108
26 189 97
24 192 102
26 192 107
24 189 112
28 195 99
23 181 97
25 200 123
25 184 105
28 181 96
26 193 103
27 195 103
27 192 106
27 198 97
28 199 107
27 188 101
28 191 103
29 201 109
27 189 103
25 187 93
25 193 106
25 197 104
28 186 101
26 210 124
27 185 96
25 169 85
26 194 107
26 187 114
26 194 122
28 175 96
28 188 105
28 193 109
27 174 92
28 180 103
27 201 115
28 195 107
27 184 93
28 211 133
28 181 115
25 195 102
22 189 99
27 194 93
29 191 115
28 210 109
27 178 99
26 180 98
26 167 102
28 197 108
27 188 105
27 180 110
28 190 87
29 200 120
26 197 117
27 189 104
26 182 109
26 194 107
28 193 126
26 192 114
26 178 107
28 195 117
28 185 110
28 190 108
29 197 133
29 198 107
25 197 99
30 190 107
27 187 111
28 169 113
27 197 108
28 180 112
29 167 83
26 164 97
27 166 100
25 177 111
26 179 107
25 181 105
25 178 100
24 172 98
26 176 111
23 184 110
25 173 93
27 183 98
24 187 99
24 196 113
27 192 105
25 189 97
26 178 106
28 195 127
27 205 114
25 197 108
27 189 102
29 195 101
27 194 128
29 195 86
27 193 85
24 196 116
26 193 109
26 181 105
23 194 90
28 197 108
28 180 92
28 197 94
27 198 89
26 177 97
23 199 116
24 199 81
28 187 94
26 190 105
24 198 113
27 180 117
27 194 108
24 196 120
27 191 99
25 186 97
29 205 110
26 187 96
26 190 106
26 193 98
26 178 94
26 163 110
26 140 82
27 186 128
26 191 88
25 192 103
29 169 92
28 200 102
27 199 108
28 198 89
26 200 89
27 188 110
26 174 117
28 195 110
26 196 114
28 181 117
25 194 113
27 179 99
28 195 116
26 184 103
27 198 102
26 196 131
28 204 142
28 198 109
26 198 126
27 197 117
27 184 106
29 191 97
26 198 84
27 168 102
27 194 117
28 201 109
30 195 101
27 194 96
28 201 119
27 182 111
26 188 113
28 197 116
28 197 112
28 185 90
27 199 126
25 184 104
27 181 95
27 196 88
24 194 99
26 195 108
27 206 144
26 124 66
28 197 115
23 184 104
27 201 107
25 197 115
30 186 124
26 173 103
28 189 108
27 141 83
25 178 111
30 188 111
26 187 115
27 184 88
29 188 126
26 193 99
28 199 115
28 203 118
27 202 107
25 176 88
25 204 117
24 208 124
23 205 116
29 206 138
26 199 110
25 196 101
25 201 97
24 196 98
27 186 104
29 186 112
28 192 109
25 191 121
27 172 93
30 188 104
28 200 120
27 195 111
27 187 111
27 196 117
28 196 117
24 165 103
28 194 114
24 197 108
27 198 127
28 196 126
26 188 107
27 188 114
29 201 126
27 184 108
27 194 110
26 206 117
25 187 120
26 181 102
26 198 122
29 183 121
23 196 95
29 202 119
28 174 117
26 176 96
25 164 84
25 199 117
28 197 113
27 202 115
28 192 109
26 193 103
27 200 108
29 192 104
27 190 106
26 201 102
27 184 122
29 193 103
27 190 97
26 180 118
28 194 98
27 197 119
27 188 103
27 205 105
27 189 113
25 192 103
27 196 104
25 189 103
25 190 118
25 191 117
25 191 122
27 193 118
25 198 127
26 191 105
26 191 102
25 183 107
27 189 97
26 189 104
27 181 94
26 186 108
26 213 114
26 189 102
25 198 110
25 191 100
26 190 102
27 198 106
26 197 111
26 193 112
27 194 120
26 196 108
29 167 94
24 185 119
27 204 79
28 196 123
26 197 129
26 206 120
27 203 105
28 179 108
27 183 108
26 196 121
26 193 118
27 193 102
27 177 120
28 193 108
23 205 118
25 198 114
25 195 90
25 190 99
29 187 98
28 193 111
26 191 100
28 185 88
27 191 97
27 200 116
27 198 111
28 191 122
27 179 108
23 176 83
29 195 104
26 194 107
27 187 104
23 197 96
29 169 103
27 190 118
27 190 98
25 185 100
26 194 122
27 192 113
28 193 107
29 198 93
27 198 98
26 191 124
25 201 115
27 192 105
26 192 115
25 195 109
25 204 117
26 198 112
25 207 110
28 186 84
24 188 98
28 179 85
24 198 102
23 175 81
26 175 91
24 176 87
25 172 90
26 180 93
24 175 110
28 256 256
28 256 256
26 256 256
28 256 256
25 256 256
28 256 256
29 256 256
30 256 256
30 256 256
28 256 256
30 256 256
28 256 256
28 256 256
28 256 256
28 256 256
30 256 256
27 256 256
29 256 256
29 256 256
29 256 256
28 256 256
30 256 256
28 256 256
29 256 256
31 256 256
26 256 256
27 256 256
28 256 256
30 256 256
28 256 256
29 256 256
29 256 256
28 256 256
30 256 256
29 256 256
30 256 256
28 256 256
28 256 256
28 256 256
28 256 256
28 256 256
28 256 256
27 256 256
28 256 256
28 256 256
31 256 256
31 256 256
28 256 256
28 256 256
29 256 256
28 256 256
28 256 256
29 256 256
29 256 256
30 256 256
31 256 256
30 256 256
28 256 256
30 256 256
27 256 256
27 256 256
28 256 256
28 256 256
29 256 256
26 256 256
28 256 256
28 256 256
29 256 256
29 256 256
28 256 256
28 256 256
28 256 256
28 256 256
29 256 256
29 256 256
29 256 256
29 256 256
28 256 256
28 256 256
28 256 256
29 256 256
26 256 256
26 256 256
29 256 256
26 256 256
29 256 256
29 256 256
30 256 256
28 256 256
29 256 256
29 256 256
28 256 256
29 256 256
29 256 256
28 256 256
29 256 256
28 256 256
27 256 256
26 256 256
26 256 256
26 256 256
29 256 256
29 256 256
29 256 256
27 256 256
28 256 256
30 256 256
27 256 256
29 256 256
29 256 256
30 256 256
27 256 256
25 256 256
28 256 256
29 256 256
29 256 256
30 256 256
28 256 256
27 256 256
30 256 256
29 256 256
29 256 256
28 256 256
29 256 256
27 256 256
29 256 256
30 256 256
27 256 256
31 256 256
28 256 256
28 256 256
28 256 256
30 256 256
31 256 256
29 256 256
29 256 256
29 256 256
30 256 256
28 256 256
29 256 256
28 256 256
29 256 256
29 256 256
30 256 256
29 256 256
31 256 256
26 256 256
29 256 256
27 256 256
27 256 256
28 256 256
30 256 256
29 256 256
27 256 256
27 256 256
30 256 256
26 256 256
29 256 256
28 256 256
27 256 256
27 256 256
27 256 256
28 256 256
29 256 256
30 256 256
29 256 256
26 256 256
26 256 256
27 256 256
27 256 256
28 256 256
28 256 256
28 256 256
27 256 256
29 256 256
29 256 256
30 256 256
25 256 256
28 256 256
29 256 256
29 256 256
28 256 256
28 256 256
27 256 256
26 256 256
28 256 256
28 256 256
29 256 256
30 256 256
26 256 256
29 256 256
27 256 256
29 256 256
26 256 256
30 256 256
28 256 256
27 256 256
27 256 256
29 256 256
27 256 256
30 256 256
28 256 256
28 256 256
29 256 256
31 256 256
29 256 256
29 256 256
27 256 256
28 256 256
29 256 256
31 256 256
28 256 256
28 256 256
28 256 256
27 256 256
25 256 256
29 256 256
29 256 256
28 256 256
28 256 256
30 256 256
28 256 256
29 256 256
28 256 256
28 256 256
29 256 256
29 256 256
32 256 256
28 256 256
29 256 256
28 256 256
27 256 256
29 256 256
30 256 256
28 256 256
31 256 256
27 256 256
29 256 256
30 256 256
29 256 256
28 256 256
28 256 256
28 256 256
28 256 256
28 256 256
26 256 256
28 256 256
26 256 256
31 256 256
30 256 256
29 256 256
28 256 256
28 256 256
29 256 256
30 256 256
28 256 256
28 256 256
30 256 256
29 256 256
27 256 256
28 256 256
28 256 256
29 256 256
28 256 256
28 256 256
28 256 256
29 256 256
29 256 256
30 256 256
30 256 256
28 256 256
28 256 256
28 256 256
32 256 256
28 256 256
30 256 256
27 256 256
32 256 256
28 256 256
28 256 256
27 256 256
29 256 256
27 256 256
27 256 256
29 256 256
28 256 256
27 256 256
28 256 256
27 256 256
28 256 256
31 256 256
29 256 256
27 256 256
27 256 256
26 256 256
29 256 256
27 256 256
27 256 256
28 256 256
28 256 256
26 256 256
28 256 256
31 256 256
29 256 256
30 256 256
29 256 256
27 256 256
26 256 256
28 256 256
29 256 256
30 256 256
30 256 256
25 256 256
27 256 256
27 256 256
29 256 256
30 256 256
28 256 256
28 256 256
29 256 256
31 256 256
31 256 256
25 256 256
29 256 256
27 256 256
31 256 256
29 256 256
30 256 256
31 256 256
29 256 256
28 256 256
29 256 256
29 256 256
27 256 256
30 256 256
27 256 256
30 256 256
30 256 256
29 256 256
31 256 256
31 256 256
29 256 256
29 256 256
28 256 256
29 256 256
29 256 256
29 256 256
28 256 256
28 256 256
28 256 256
27 256 256
29 256 256
28 256 256
28 256 256
28 256 256
30 256 256
27 256 256
30 256 256
27 256 256
27 256 256
31 256 256
27 256 256
29 256 256
28 256 256
28 256 256
28 256 256
28 256 256
30 256 256
28 256 256
29 256 256
27 256 256
28 256 256
27 256 256
32 256 256
29 256 256
28 256 256
28 256 256
30 256 256
27 256 256
28 256 256
27 256 256
26 256 256
29 256 256
29 256 256
28 256 256
29 256 256
30 256 256
29 256 256
29 256 256
29 256 256
30 256 256
29 256 256
29 256 256
29 256 256
28 256 256
28 256 256
30 256 256
29 256 256
27 256 256
28 256 256
28 256 256
28 256 256
28 256 256
28 256 256
30 256 256
30 256 256
28 256 256
28 256 256
27 256 256
30 256 256
27 256 256
31 256 256
28 256 256
26 256 256
29 256 256
27 256 256
28 256 256
30 256 256
30 256 256
29 256 256
30 256 256
27 256 256
27 256 256
28 256 256
28 256 256
28 256 256
28 256 256
30 256 256
28 256 256
28 256 256
30 256 256
28 256 256
28 256 256
27 256 256
31 256 256
30 256 256
26 256 256
27 256 256
26 256 256
27 256 256
28 256 256
29 256 256
29 256 256
29 256 256
27 256 256
29 256 256
27 256 256
31 256 256
29 256 256
29 256 256
29 256 256
28 256 256
29 256 256
31 256 256
29 256 256
30 256 256
29 256 256
29 256 256
26 256 256
28 256 256
29 256 256
29 256 256
28 256 256
29 256 256
27 256 256
27 256 256
27 256 256
29 256 256
26 256 256
30 256 256
30 256 256
29 256 256
26 256 256
28 256 256
27 256 256
28 256 256
26 256 256
32 256 256
30 256 256
28 256 256
29 256 256
30 256 256
29 256 256
28 256 256
28 256 256
27 256 256
26 256 256
26 256 256
30 256 256
28 256 256
27 256 256
30 256 256
27 256 256
30 256 256
28 256 256
31 256 256
29 256 256
29 256 256
28 256 256
28 256 256
29 256 256
29 256 256
28 256 256
26 256 256
27 256 256
27 256 256
26 256 256
30 256 256
29 256 256
29 256 256
28 256 256
29 256 256
30 256 256
29 256 256
28 256 256
28 256 256
30 256 256
30 256 256
30 256 256
28 256 256
28 256 256
31 256 256
28 256 256
28 256 256
29 256 256
27 256 256
30 256 256
27 256 256
27 256 256
29 256 256
27 256 256
29 256 256
28 256 256
26 256 256
30 256 256
30 256 256
28 256 256
28 256 256
28 256 256
29 256 256
28 256 256
28 256 256
29 256 256
29 256 256
28 256 256
28 250 250
30 256 256
28 256 256
29 256 256
29 256 256
24 256 256
29 256 256
27 256 256
27 256 256
28 256 256
31 256 256
29 256 256
30 256 256
28 256 256
27 256 256
29 256 256
31 256 256
31 256 256
28 256 256
29 256 256
27 256 256
28 256 256
29 256 256
31 256 256
29 256 256
30 256 256
29 256 256
29 256 256
29 256 256
27 256 256
28 256 256
27 256 256
29 256 256
27 256 256
28 256 256
27 256 256
28 256 256
28 256 256
28 256 256
30 256 256
29 256 256
31 256 256
30 256 256
30 256 256
29 256 256
31 256 256
27 256 256
30 256 256
28 256 256
29 256 256
30 256 256
28 256 256
30 256 256
30 256 256
28 256 256
28 250 250
29 256 256
29 256 256
27 256 256
29 256 256
27 256 256
29 256 256
29 256 256
30 256 256
30 256 256
29 256 256
28 256 256
27 256 256
29 256 256
26 256 256
30 256 256
24 256 256
28 256 256
28 256 256
28 256 256
29 256 256
29 256 256
28 256 256
28 256 256
26 256 256
31 256 256
27 256 256
26 256 256
28 256 256
28 256 256
29 256 256
30 256 256
29 256 256
30 256 256
30 256 256
28 256 256
31 256 256
30 256 256
27 256 256
30 256 256
28 256 256
27 256 256
31 256 256
30 256 256
29 256 256
29 256 256
28 256 256
27 256 256
28 256 256
30 256 256
29 256 256
29 256 256
27 256 256
28 256 256
28 256 256
29 256 256
27 256 256
27 256 256
27 256 256
31 256 256
31 256 256
29 256 256
27 256 256
30 256 256
29 256 256
29 256 256
27 256 256
28 256 256
30 256 256
28 256 256
29 256 256
27 256 256
30 256 256
29 256 256
30 256 256
28 256 256
27 256 256
27 256 256
31 256 256
31 256 256
30 256 256
26 256 256
30 256 256
28 256 256
29 256 256
26 256 256
27 256 256
28 256 256
29 256 256
27 256 256
29 256 256
29 256 256
29 256 256
28 256 256
30 256 256
28 256 256
28 256 256
30 256 256
27 256 256
29 256 256
31 256 256
27 256 256
27 256 256
29 256 256
30 256 256
28 256 256
27 256 256
27 256 256
29 256 256
27 256 256
28 256 256
30 256 256
29 256 256
26 256 256
27 256 256
30 256 256
30 256 256
30 256 256
28 256 256
29 256 256
28 256 256
31 256 256
29 256 256
28 256 256
29 256 256
29 256 256
28 256 256
27 256 256
27 256 256
29 256 256
28 256 256
32 256 256
29 256 256
29 256 256
30 256 256
29 256 256
29 256 256
29 256 256
28 256 256
30 256 256
29 256 256
30 256 256
28 256 256
29 256 256
30 256 256
27 256 256
27 256 256
29 256 256
30 256 256
29 256 256
30 256 256
27 256 256
30 256 256
29 256 256
27 256 256
27 256 256
28 256 256
26 256 256
29 256 256
27 256 256
30 256 256
29 256 256
30 256 256
29 256 256
28 256 256
29 256 256
30 256 256
29 256 256
28 256 256
27 256 256
28 256 256
29 256 256
28 256 256
27 256 256
29 256 256
28 256 256
27 256 256
27 256 256
31 256 256
28 256 256
27 256 256
30 256 256
28 256 256
29 256 256
28 256 256
29 256 256
30 256 256
29 256 256
29 256 256
27 256 256
29 256 256
29 256 256
28 256 256
28 256 256
28 256 256
28 256 256
28 256 256
27 256 256
28 256 256
29 256 256
27 256 256
29 256 256
27 256 256
29 256 256
29 256 256
28 256 256
26 256 256
27 256 256
29 256 256
29 256 256
29 256 256
27 256 256
29 256 256
29 256 256
30 256 256
28 256 256
27 256 256
29 256 256
28 256 256
28 256 256
29 256 256
31 256 256
28 256 256
28 256 256
28 256 256
27 256 256
29 256 256
27 256 256
29 256 256
27 256 256
27 256 256
30 256 256
26 256 256
28 256 256
29 256 256
29 256 256
28 256 256
27 256 256
30 256 256
29 256 256
28 256 256
28 256 256
28 256 256
26 256 256
29 256 256
28 256 256
28 256 256
29 256 256
29 256 256
27 256 256
27 256 256
28 256 256
30 256 256
29 256 256
29 256 256
30 256 256
29 256 256
29 256 256
28 256 256
28 256 256
25 256 256
29 256 256
29 256 256
29 256 256
27 256 256
28 256 256
28 256 256
28 256 256
30 256 256
29 256 256
28 256 256
29 256 256
28 256 256
27 256 256
27 256 256
26 256 256
28 256 256
27 256 256
28 256 256
29 256 256
27 256 256
30 256 256
27 256 256
30 256 256
28 256 256
29 256 256
26 256 256
29 256 256
27 256 256
27 256 256
27 256 256
28 256 256
31 256 256
30 256 256
27 256 256
30 256 256
31 256 256
28 256 256
29 256 256
30 256 256
28 256 256
30 256 256
27 256 256
30 256 256
31 256 256
27 256 256
29 256 256
28 256 256
28 256 256
28 256 256
29 256 256
30 256 256
29 256 256
28 256 256
26 256 256
27 256 256
28 256 256
27 256 256
27 256 256
29 256 256
30 256 256
27 256 256
29 256 256
29 256 256
28 256 256
28 256 256
27 256 256
30 256 256
26 256 256
29 256 256
28 256 256
29 256 256
29 256 256
30 256 256
29 256 256
28 256 256
28 256 256
29 256 256
27 256 256
30 256 256
27 256 256
30 256 256
29 256 256
29 256 256
27 256 256
29 256 256
27 256 256
29 256 256
28 256 256
29 256 256
30 256 256
27 256 256
28 256 256
25 256 256
28 256 256
31 256 256
28 256 256
29 256 256
28 256 256
29 256 256
26 256 256
27 256 256
27 256 256
27 256 256
27 256 256
31 256 256
30 256 256
28 256 256
30 256 256
31 256 256
30 256 256
30 256 256
29 256 256
24 256 256
28 256 256
29 256 256
28 256 256
26 256 256
28 256 256
27 250 250
29 256 256
28 256 256
25 256 256
26 256 256
30 256 256
29 256 256
